26193.4
27189.5
23997.2
13450.2
30501.7
28218.7
15809.7
26037.4
16407.7
13715.5
14745.9
20753.3
12152.2
18271.3
18194.7
16402.3
9036.0
6432.6
2668.1
18603.7
15251.4
10507.6
29002.4
27479.4
12579.3
10214.3
21914.2
31635.3
30056.9
30124.4
26996.8
8951.1
28121.5
28213.4
4379.5
1546.0
5176.7
26912.2
4850.9
24155.3
19230.2
14336.4
22152.2
19476.0
28142.7
1936.8
1385.8
18210.1
29314.8
11729.2
16956.0
13144.5
6020.7
21727.3
13253.5
31229.1
20174.8
21395.3
12040.4
7390.8
29742.0
8939.1
32470.9
16810.1
13908.4
23531.0
22391.5
31780.2
9943.2
24788.6
27815.0
22280.7
19981.1
2344.9
2784.9
2879.8
6313.0
12181.1
18512.2
18060.1
17504.9
29899.7
14589.3
6210.9
2802.8
12304.9
21534.2
24770.6
16462.2
23006.8
10811.1
15238.6
23459.0
26821.1
3814.8
4397.7
16760.1
8225.7
27923.3
30110.5
